function h = h(in1)
%H
%    H = H(IN1,DT)

%    This function was generated by the Symbolic Math Toolbox version 7.2.
%    11-May-2018 14:23:26

% Time step
dt = 1e-3;

x1 = in1(1,:);
x2 = in1(2,:);
x3 = in1(3,:);
x4 = in1(4,:);
x5 = in1(5,:);
x6 = in1(6,:);
x7 = in1(7,:);
x8 = in1(8,:);
x9 = in1(9,:);
x10 = in1(10,:);
x11 = in1(11,:);
x12 = in1(12,:);
x19 = in1(19,:);
x20 = in1(20,:);
x21 = in1(21,:);
x22 = in1(22,:);
x23 = in1(23,:);
x24 = in1(24,:);
x28 = in1(28,:);
x30 = in1(30,:);
x31 = in1(31,:);
x32 = in1(32,:);
x33 = in1(33,:);
h = [x1;x2;x3;x4;x5;x6;x7;x8;x9;x10;x11;x12;0.0;0.0;0.0;0.0;0.0;0.0;x19;x20;x21;x22;x23;x24;0.0;0.0;0.0;x28;0.0;x30;x31;x32;x33;0.0;0.0];
